euclidean
500
-93.1848429404 84.2613709795
45.6431341814 -54.0037338827
-36.7045227677 -26.554224128
3.77129581054 -39.4724277559
-90.8620687621 81.2893162782
80.5938452845 67.9729719063
37.2258687654 43.6567570518
26.5045123514 49.7001548776
-0.19649071218 77.5343017768
72.3399869283 -11.3884017874
-13.7765626235 -93.6624608776
16.1072812144 25.9984199166
-6.26748047933 74.7625367231
23.5106840642 -58.5782247457
-48.4729525497 -92.0933205924
77.6905666767 48.1267665132
31.8508293018 -59.2392573396
-21.8210561788 67.1113619404
26.9931209191 -34.3434333273
45.8539389213 -19.6492571983
97.5005778019 -28.9976560018
80.2924722432 -31.6586349592
35.546824906 30.0743385833
-93.3290671211 -60.6486468194
-92.9647010061 11.0718445204
-81.1592540287 -4.37011213324
-29.1116321678 21.9529612938
-36.4142042245 -96.8412140758
-13.832332319 37.4451344284
22.0664485649 91.6530701291
46.5547069906 -71.760683416
-4.9468505358 -80.6520025864
-85.200537466 34.3395756123
-64.9649723696 -8.63817648621
27.5881654734 -59.4753080283
-13.1105998347 78.727623058
-72.9355706518 61.7107881705
69.9199513769 85.203423239
30.6585569475 -17.004619606
1.46424554533 18.1591912185
-41.1695426419 -64.915653762
-30.706024096 79.8250905651
14.6500671463 -62.474897626
41.7491473946 -14.990128587
6.49970786165 35.3367695376
50.9422286075 -52.703126119
21.51211259 -56.0745930264
-62.6868765011 -92.863714264
24.4805514459 -16.4119614035
65.1607423171 -93.069749753
-44.0824238645 -31.4750247692
63.495013215 67.6632160479
60.889994601 -58.4446388473
-61.0492760213 -92.2879676151
-80.3418496296 -95.8458359699
6.75521284653 -55.3229859566
-58.236733865 71.7997688197
-46.8097212022 -29.6193430847
-82.9991471656 5.64180921969
43.8611984308 90.2151551944
26.2755145154 35.103587789
81.7074493286 -70.9741083357
-26.4137055643 40.5895207785
22.5374414952 19.7147056557
-90.6989599115 -98.6357822582
81.8995304042 -36.9599492772
-29.9189809521 69.6859667028
16.5669447692 -64.9333528163
-19.6332147849 -44.6842771055
99.3327356875 -79.0162782291
65.2522826656 -88.0764839066
-36.9280939327 98.2954577411
-23.4017624581 -24.1571150931
-12.3577006967 88.6633660813
-28.7205519079 -34.2862239387
73.3492401733 -29.4199735734
-79.3100466992 -28.0266929268
69.4579821245 82.2933994222
-8.99089701899 91.3925890146
-94.6472727436 2.15129529372
-57.5517612783 78.5330373352
-45.13198694 13.1925977216
35.9392961902 63.1845685379
43.5497885392 -69.0869376199
6.01281654955 -59.1300431149
-66.1104978787 56.425645388
31.2235704449 -58.2813475029
82.381094357 27.7721202555
99.8039655347 -12.1044828304
45.9918486752 -65.8553388619
-59.8903763698 -45.1670431292
7.20755219827 -48.361548194
-29.7543590289 65.3457701298
-35.5059204158 26.7112626775
-71.3241716544 -28.706134581
80.1417970198 -50.0550076034
-80.9432657897 74.9120619029
56.9247946498 88.4620273868
65.6855521116 -43.1752533046
19.5483321722 3.42929913849
-35.7593770254 36.7670610163
-61.2606637601 -46.7036102692
-84.5741630677 36.732831548
-3.24703422993 -91.1703423782
50.4163716801 53.2341058542
-33.9466884772 78.5208511551
50.2363044754 -84.9441044663
17.3002617096 6.60678086117
-53.3714140896 -59.0288138831
35.287223757 64.8062738996
-47.7026437829 96.7017463789
-76.6705437921 32.4199977671
-38.4466046515 24.9884815471
21.0786179965 -52.6647128487
65.4620375958 -31.875033555
-97.5297583007 99.702513029
-12.5813684225 -23.898975369
69.0767878192 -38.6896145074
-3.03800201531 -15.7630474661
66.0880201076 93.6283793567
-57.1688775085 -26.837285708
-61.2138601996 62.0455198615
-93.0886235333 -2.83269407559
-31.1710006764 -54.7030498819
-22.0779441661 -37.0985900345
-2.54209775648 -45.2787359575
-70.7473572265 81.3497247993
-95.6560137272 70.1769905355
-53.8322852426 72.0308092477
50.3417375811 75.9846188655
-51.2044834626 -4.09033999165
3.54893625864 49.1131123394
43.0675030293 -81.4503585386
87.0646976054 -55.3982757507
97.6389873475 -36.3942542584
-30.9276496805 -33.2061005798
85.8128150303 -30.0824572074
68.7483021589 -75.9246925036
68.3358073587 7.7106897573
34.7687862483 93.2635727981
57.5403933729 -23.7536190073
-67.4595253825 -95.9769675419
-71.4370248186 28.8086458324
-62.3512073654 63.2375004683
-64.6533032196 -93.6476626296
93.7991806276 -41.9605390558
79.8605518779 -7.44189918468
0.243323103243 -53.9383887301
-68.7439765948 -75.1253008597
0.560326292617 -15.5677563117
28.252594888 93.781277875
-67.8350906994 -99.9667880163
-82.6444691835 61.42095837
5.38129979783 -83.1622915842
-53.5150412257 -48.0430850659
83.7706982742 78.7063092586
-54.5943988802 -16.2483575021
86.3274596851 -3.00130650344
-9.77242673253 29.9371900078
89.4422190377 -16.8971357332
82.2528102533 -64.5890084958
68.8285696908 -68.4737068093
72.6525083187 5.76384093
-40.5175968044 46.3229310567
24.7319026161 41.4176626658
4.47438906245 54.0821094969
8.84543648896 -22.2279443767
1.88558917794 43.3719197913
-4.79633175841 -93.4531867576
-43.5286385799 27.1051652572
-20.799242028 25.1005071504
-32.3181411712 -65.9225591388
58.8939930908 -84.6291848921
-16.7829217674 -57.36512797
-91.9551269414 -46.4188505328
-90.4458526993 95.4816790637
17.2701297999 -68.5859945462
-35.324945704 5.57203148704
60.0038646284 -82.5889905728
-78.6772229266 -14.0873938076
80.4796646811 3.23146852348
28.5981176469 -31.7946778398
-38.5587950886 38.8116317174
38.4457159273 -87.0211980428
33.9975783916 21.5055669286
74.4217074086 41.1700130364
-78.8173955023 -38.0876080035
-18.0217933627 31.5789512774
20.6378661263 68.5854630668
60.8299171835 47.7215791105
35.9130167837 -69.1985692308
-57.3666832646 -77.542347626
28.9625469416 53.2034261636
96.3104483362 98.1083005423
-91.7005751349 54.9942245054
15.2611732816 -98.4686824583
-72.3369870638 52.4539277825
-46.297986329 -70.768298563
43.5881281275 -65.4929618165
-28.1355880625 87.5718662572
30.4362765657 10.6531705473
-5.91091091108 -46.2279434876
85.7963338016 -9.12233962515
70.5852172901 -75.4774701871
90.5327608462 -43.0775347403
44.7822028347 -52.7178055514
-74.27966685 -79.2277319216
19.7866541158 84.6257828257
32.9967344697 52.0303533295
55.4314879114 48.8204070997
33.1859257643 38.3513237868
67.0762811515 39.0291008866
41.8047745156 4.69999477
34.3364075875 -0.716004019346
-61.8670619009 24.4813121513
33.1206699382 31.4071830139
-96.3511544756 46.5642720128
-70.5903859294 -88.1908072698
-37.823677257 53.5433726626
21.2070023549 33.5739704458
-62.9610018153 84.4383251639
37.9078784204 -47.8348198113
-97.7012210445 -78.4137861105
-30.6883185943 24.8471546476
18.0455178254 59.1130646037
-21.5134279786 -2.23687197575
72.4563298001 16.6996081056
67.8588462715 60.6887899477
-43.6256447239 -19.7423351818
-20.4781428831 89.5558113036
94.2425181964 10.8763238977
3.66745209092 -31.2079059891
34.5247161722 -90.1812162458
32.82963033 -17.6747287291
3.07661517992 91.3036515758
-71.4888218274 -15.6818880882
-69.5492261153 -11.0915531414
-54.0320152069 91.9966185897
-3.0497525436 -37.9422938329
98.9654625713 -75.5223600503
15.0827375773 -98.5461808308
-95.3828447462 -40.1591004925
26.9306011644 -52.7933714415
24.6302024666 86.6748189422
93.3734489649 -80.2048497778
-70.0323077172 70.6921868027
44.524695158 -20.86155815
61.2712046114 -20.0827288413
-78.4699381255 -69.8019462778
77.6155045244 53.4312740748
19.8909841828 -9.77950573865
64.0339879579 83.9361270826
2.84600049712 -6.92182797274
-47.0055387874 96.5798847715
-98.6852920968 -79.5575561126
-14.7591189823 -47.9871574161
-32.381506151 94.8534308888
-99.2452872456 -29.2619724217
-45.342766496 32.7167582165
-34.5232304635 58.4469261446
-67.2249965993 87.8994613925
36.0039183281 2.33664967388
-34.6435465182 92.3743383154
75.1891012911 -89.7466213942
-11.3397466064 -27.1068313815
-15.8219450712 -94.364835263
43.9426180216 -55.3848020216
-13.0080416532 79.7756681274
8.05759494115 -88.0980527334
38.6669176052 -38.3047689452
10.15417064 15.3786591023
-3.90124291933 91.9736602485
3.72259391752 63.7605680975
49.5292897681 -39.9204071946
-27.988182625 -99.6649099964
-65.1249787151 39.6410381215
-57.5849244643 -36.12882014
-4.77663128794 -21.6487882614
82.7487478937 9.66011572558
-38.8754692478 -57.2011665633
65.0570945443 48.8317033179
51.3061518637 -44.1362019772
41.2342753057 -7.29176947155
-33.5808377261 83.9527799913
-13.4099374734 -5.67860534541
-46.171179726 -74.7540524102
-91.7678768422 -77.9816615903
97.6318826111 61.5479945982
94.6368829745 -65.8994934206
19.3321963738 53.6145113571
-30.7668508805 -38.6875456251
47.4493135844 -29.2257759272
-70.6335806273 93.3697525311
-13.1346614581 52.4949617381
-60.0471751954 -32.7019547966
-89.8740867361 -88.5227438758
47.3228636693 7.23676831131
84.9304947398 71.0564122176
28.6351117112 28.5991261243
-26.1706221982 82.6508529278
-88.1122313311 44.0376921711
-17.9540914199 49.005165239
-94.6733714971 25.5449425514
-2.35626234879 13.2234801935
-38.2336702641 -12.3116048312
-88.6721378241 -79.3367976617
-57.3220483755 -85.1540365614
20.9647254379 -67.0669156688
-50.0747438313 -48.1104131517
89.9563757322 -68.2114033784
7.23880384627 51.9745546083
5.37631936039 36.8079965624
-37.3596616401 -57.0768790364
58.4567526112 59.7111061979
85.4764379523 -64.4401956864
58.9961921872 -70.7549913993
75.8990089359 15.4899390219
42.8563664485 -15.9020553224
-23.8417641489 20.7231657104
23.1380549052 -38.4331176476
-71.4135582373 -40.925404014
28.4964540082 -17.9335509731
-69.9261040971 -18.3130142251
-81.0116185225 57.0619933877
39.1537002004 -93.7100434452
84.7255560155 -76.0097166326
20.5990980179 12.339692243
12.6931926539 -80.252727502
33.2054286882 -99.0840288457
-75.2175357697 21.5973229473
-76.4891036087 29.6542246825
73.3826518343 -1.62866308641
-72.8341997826 -33.4786177277
-47.5397839303 -17.8181353508
-97.6806224381 89.195490759
61.329277881 -97.9626384037
80.4298086276 -39.4905536044
95.7996835785 45.5437525096
43.5150701715 19.4792166524
-64.6368194678 16.2109121086
81.0132538727 -36.4366646121
-35.6177227043 78.2410288038
94.2275287356 -66.0905232898
-45.3699278893 -95.2442756962
59.143765566 63.7169658272
-20.4970096197 7.27423260211
91.5810612117 11.7146945881
-29.410426391 -98.6928325419
-73.9468552121 62.6799123271
11.1167631487 87.0063397853
49.7391681198 -10.1335805104
3.55732680559 71.6534065344
56.9006712154 24.7538407479
55.8217454088 75.4004461069
86.7020126877 43.035134719
88.1531190117 62.1380251699
36.5173579049 -24.2536902356
58.9890877768 -73.8808044723
-13.4346976186 54.5349492534
14.9465298305 -18.3798031497
-74.0667916918 -54.6439392058
-34.4317882117 -24.8278825909
78.8244669304 -29.9653015895
89.3780671962 6.33137723559
77.1559585717 25.8893540435
-85.6337397892 75.2012876544
-49.8023782982 26.0442210187
-95.141489784 11.0787737124
-81.8740559178 -35.8073230639
42.0713777922 47.9274886879
-26.7522600443 61.8985497107
-35.0524677174 63.982756862
78.4546351192 15.0288971423
85.3467170554 -39.7605671869
-56.7702016457 -3.32446666075
90.5926352605 68.3716357609
65.0097813844 -94.6267032463
-57.7097900516 -65.4986314416
59.0277168351 64.8633612333
59.9137290203 -70.8241707381
92.6127331164 38.3787468893
5.45760194151 14.079066182
-40.0397289502 53.4880603374
-81.872278997 -41.6950448871
9.59569128732 -50.7084586457
-98.0253151326 6.10023049024
97.7777111401 48.9441627345
-32.941212103 -80.4421801443
-38.297887614 11.2307843587
20.6808882277 68.6159035768
-85.4533055372 -26.2634721098
22.8300964247 -89.5570047418
15.0241598403 17.6815616788
8.06056922229 79.978251588
-87.7647057296 68.3287108361
31.4710528022 -47.820718572
-78.1985458783 25.5566710309
-91.1531125506 -82.3299927527
-31.3691204229 8.34799960016
-11.2003748411 -1.28287538096
-29.4295597601 -89.6985902188
39.9663528269 30.1005124383
87.9814193468 69.921642603
45.6683820148 69.3069042178
75.6036698966 82.1911053735
-80.6255145227 -80.7943461766
31.1608180985 -1.61229601817
-24.7627118182 -49.8946887486
-58.7723211715 -80.6152110469
1.82848482797 -45.862437171
97.1750191666 -17.4124819498
90.0724967248 1.17705156824
-83.1661886503 86.4961301107
76.2331299598 -9.93416128377
12.2420896098 39.000380602
35.4440670769 75.7463217036
88.3419263037 22.9089280058
26.824687875 -1.42957525842
24.6245163698 40.0510302133
-11.7163085658 -32.9467993589
75.2719180122 -46.9979866802
98.3836131029 14.2481084716
-6.87268791809 29.798378933
71.2131111962 50.8582004883
-51.3801690149 50.613788161
8.2339296535 -47.3411002296
-73.1466325452 -36.385442035
-53.8154947735 59.5618825743
78.6518234869 -73.0751660613
19.7852606815 71.6848583315
92.6142008836 -30.3376554941
-65.0826216882 -18.4899825523
18.0503799468 91.0682480589
21.9971050218 65.6141464671
0.562608110202 89.7340079929
-36.5143182769 52.2764242031
-67.054628888 11.7185637828
26.545944936 92.8871876012
25.9263755276 41.1607773779
63.4825252633 64.8229472945
-37.8768432422 -93.3463807689
28.367173756 74.1983558643
91.9707476481 -59.2701609743
68.6671298842 38.4313364084
26.6390798124 -58.9432193425
-64.39177395 -7.8241836838
45.7660285215 -99.2689325577
52.358052583 45.8868198819
59.6503097032 -24.2370509358
-98.2585146162 -84.0888202081
-97.152390976 -50.953529178
-73.6907467934 79.6514627018
-43.2668686133 62.6283898289
-53.495561086 51.4832640711
16.0234944236 58.7023064985
-76.1039166343 -55.5288913091
-91.4861529664 -25.1840054944
-5.42577775188 91.2745357249
70.8092594296 -60.3357384472
86.3008997707 -46.6458420532
36.8152381918 -96.4624987914
29.6616626719 22.910563661
67.6077456192 -11.7319669259
71.8546108426 37.3225000889
71.2526633155 -54.202014489
-59.1627468166 -81.8472371362
41.7857513676 56.9201388806
-19.2760654959 -69.2731811886
-99.2940553317 -84.9133994232
-61.5214833279 63.4480678653
35.7194521868 74.2800663889
-20.9132760771 58.3652774553
-76.5139845338 71.1818443607
10.0587757253 90.4840159313
-71.3250727325 -32.0995319963
-95.3708105501 -84.2350757172
99.5090806658 51.6624338526
-28.4630316231 40.6421848663
-93.5445171409 -8.58850099475
53.8030901882 -9.41839099142
-59.203234353 -1.63293334882
57.6843076404 -34.9397814232
-24.5147678245 -50.8509810126
50.2875529678 -83.2401957068
9.45616615169 53.8837192877
30.2380463379 -14.0047054795
56.7497146637 83.7793629118
-99.3453401218 -72.8947773323
29.1960412613 32.9307997139
-95.0071645052 71.6801163722
-93.9301538474 -11.2108318664
7.98154262914 52.0709303283
-44.721294378 -49.0471564215
0.17120342752 13.3156949636
70.3998347599 -5.89735959791
-69.9999219971 -94.5594083437
-93.4237932625 16.7636079091
25.6180766391 -72.4977099128
-84.2411313324 91.476709104
58.3460014839 -56.3596655008
0.0 195.934801539 124.378947921 157.195883505 3.77205368875 174.540380501 136.585827961 124.579369996 93.2313633397 191.173607837 194.839844297 123.852088674 87.434865754 184.44781411 181.934412308 174.6542735 190.33220868 73.3955916319 168.848578916 173.57765268 221.784888747 208.642820773 139.671316978 144.91008957 73.1898575335 89.4435832658 89.3740133163 189.792127692 92.1334952486 115.488083411 209.451720625 187.035729433 50.5562536842 97.091127372 187.740119456 80.2652276831 30.307784697 163.107514823 159.974962244 115.446732827 157.985366967 62.636118878 182.098600647 167.505348911 111.043353222 198.826271449 181.244515507 179.731526949 154.855625953 237.738618552 125.721759692 157.556580542 210.009668359 179.450170296 180.56452717 171.673549075 37.103394135 122.961249798 79.2766288998 137.175307552 129.179195893 233.849028079 79.7848061129 132.506298414 182.914046144 212.95338991 64.9231214819 185.214795613 148.448045337 252.433374996 234.099677482 57.9808364906 128.935047384 80.9469238709 134.941383864 201.635931664 113.142031388 162.654730817 84.4954128961 82.12309803 36.0905848536 85.7895535726 130.833003892 205.455745104 174.359609096 38.8310156927 189.197991304 184.430024092 215.710588468 204.70754276 133.642193498 166.335419234 66.1908320295 81.479279999 115.063227235 219.278393089 15.403434401 150.168401509 203.666137669 138.717672303 74.5210950969 134.799775704 48.3022346104 197.142322922 146.914941451 59.5156493039 221.810997128 135.045154359 148.718479668 129.936802808 47.1528724499 54.4081800183 80.6817832762 178.339257983 196.612555962 16.0407966536 134.89099535 203.582370673 134.652653944 159.548067207 116.790672931 38.9318350236 87.0941182055 152.173673471 140.65714056 158.103594392 22.6256148787 14.2995264798 41.2093489105 143.765030316 97.8180730408 102.921446373 214.53456384 228.023493947 225.768718177 132.945721959 212.402148302 227.776026868 178.742628571 128.269914088 185.432831299 182.064962682 59.5648580901 37.3191132537 180.182332648 225.599192469 195.842279466 166.817252687 161.24970421 136.945286192 121.810015736 185.964040894 25.155196821 194.283214099 138.123720836 177.042713144 107.663493777 199.598200582 99.5426934329 208.771854538 230.075651967 222.65747205 183.477217377 64.908890295 125.458926445 102.216013516 147.479328061 103.490744908 198.481719412 75.7137403914 93.4862718716 162.049277228 227.270746536 160.920224843 130.686007269 11.5497783982 188.580534921 97.6717966353 226.507887891 99.4130302003 191.63821722 168.226323615 71.0611279315 216.019264138 141.822633024 173.05727621 123.18967572 91.7873704138 114.897098258 158.289932484 200.539798132 165.7208011 126.034046159 190.000533879 29.3047592321 212.487201647 38.0308629587 161.964736166 202.813228873 65.133439485 143.876156325 156.984713912 201.878129163 228.773097206 223.533789059 194.417593142 164.578529737 112.972084796 130.232979604 152.783754754 134.451863566 166.522029032 156.691446497 153.24106368 67.4867308642 136.918398212 37.8298400636 173.926028157 63.3123533477 125.118770946 30.2243591353 186.104017193 162.737839501 86.231459791 114.037846655 112.333155199 178.889882077 162.759750588 115.208007635 72.8992135181 201.281844283 150.71005599 216.194236109 162.082127014 96.5187133951 102.271072964 98.2385999549 39.9096225881 151.848840017 249.905143224 212.46286732 124.439884817 182.240836073 117.839762624 248.702903177 26.8358462972 173.247646772 186.39839536 154.7644473 173.560518463 147.070830464 157.21916732 132.424690532 47.7940782326 163.91124371 153.753918458 61.7190205516 113.684996733 70.325751922 64.0903295399 26.2135332206 152.975148306 59.1007920911 242.133365123 138.208162896 194.659547732 195.716617035 80.3021854916 199.89447759 180.020402774 124.192510738 89.6160735499 99.0521793661 189.178322503 195.139645767 52.7098670525 125.543427997 137.960043919 191.096770431 151.529395164 162.159711795 193.296622631 162.636025765 59.6048040512 120.221607391 165.819749742 162.249220061 192.163784873 240.46888764 116.616097263 137.885611385 180.713304697 24.3212262521 86.1227978612 121.566955215 172.815831025 160.23484338 178.604155755 133.93426318 67.0335703217 40.5422708468 83.0822846193 58.7352933475 115.309205962 111.112425207 163.660396218 173.169628822 189.553090982 139.214833546 238.303698875 105.486242446 109.389786807 151.963652841 153.616044091 232.447863443 217.230614918 182.53454144 168.93762938 94.0508697733 169.070855273 127.065799769 158.902926656 105.178293543 29.7992203608 221.782132628 239.45548977 134.608740772 195.640095636 222.688204446 65.1890101378 57.1024354868 187.408186234 119.48578835 111.81993125 6.67514578794 238.914635652 213.205501986 192.909837083 151.273242062 73.7960337466 211.926857026 57.8810664396 240.268785254 185.764752549 153.707766728 105.87984033 198.498009039 193.750914301 28.9112353488 104.337720344 171.282456207 97.5602796973 161.452183985 149.269820664 184.550490067 182.682508398 169.109962494 219.467202212 85.1101981404 149.089249793 140.214781964 123.904748434 206.482288365 198.500126152 180.06465789 11.7942472697 72.6035452852 73.2087495428 120.600270283 140.051405738 70.0955337047 61.5678100925 185.076324424 217.382057818 94.8541251383 184.463126882 238.802182288 153.904313463 153.443625268 217.923605849 191.379085749 121.061504364 61.4117235462 126.463404987 169.648734523 78.3108808124 194.200932694 175.375468094 91.3566880265 114.935570581 110.79493495 208.979170958 127.051404122 101.335968914 16.8293656039 181.617099205 60.5873823142 166.603752654 97.8980260502 118.487430114 185.274942271 143.745050461 181.732887505 139.65619985 168.80120872 165.532856244 151.116280072 150.596933531 168.429537063 161.120259127 215.811143065 201.211969508 10.2648712686 193.84335903 114.731841077 128.910443938 191.614431114 147.462624938 125.831631046 142.740594391 213.5572506 203.961590202 102.058834048 167.757143285 53.6636803765 166.147458189 122.299564048 46.4759109923 232.986321094 113.66799454 218.29846897 106.524999375 111.443296731 116.681618597 93.9070515689 65.0736904281 77.1054275807 120.041102452 126.6694262 157.868668757 186.020128781 121.96785247 234.27311709 168.215496242 186.722594115 96.4820719073 230.197126386 150.516911373 187.431297925 168.426627993 135.273096594 20.0317507702 54.4039523783 51.474686853 112.159380914 140.829952333 109.458558273 88.0388437141 218.637576063 222.152718328 222.623310099 137.314185355 187.26712861 171.584611505 214.969306132 169.556989578 137.712033971 170.397670444 169.285041917 37.8914492791 129.290153313 76.7710038797 21.1894203928 103.43097266 118.396407441 168.510625789 195.431929061 78.048358454 92.8505686098 174.302467821 92.3719721465 192.276923553 151.561627324 220.547281167 107.041947244 157.763846874 149.935332379 157.27684724 132.709865362 12.7125459046 95.4751119642 106.16431622 141.84455935 117.254596237 186.784751727 180.317530143 67.4981860257 196.691492299 11.4913481185 206.726565087
195.934801539 0.0 86.8021439296 44.3216618179 192.19229915 126.88525904 98.0225578459 105.455125004 139.296539927 50.2870607232 71.4388899357 85.2801924424 138.836106111 22.600250327 101.531543854 107.040539239 14.7525719709 138.637236763 27.0989005793 34.3551234446 57.57168045 41.2296019145 84.6820980525 139.130972838 153.124011441 136.170268648 106.572485352 92.5659575413 109.088159902 147.552582694 17.7803324411 57.1793387387 157.875288575 119.54993531 18.8658426442 145.15376115 165.682708373 141.30816129 39.9183167498 84.6124220211 87.495776199 154.07578727 32.129905375 39.207455047 97.5393939669 5.45637079863 24.2197163616 115.089049391 43.1392659437 43.6702487206 92.5106399338 122.969655974 15.8804404713 113.353222042 132.751563655 38.9102923631 163.14885313 95.6144810328 141.797134534 144.229897253 91.1878252127 39.8576019865 118.912034637 77.2546526914 143.461445566 40.0626616782 144.944041873 31.0625395093 65.9382590685 59.2300657148 39.3124789153 173.242753042 75.2198006188 154.006487716 76.9333348242 37.0403777003 127.624856783 138.36204512 155.322142907 151.11183136 167.97375442 112.940115086 117.589381731 15.2277749838 39.9604945157 157.109904477 15.0406714157 89.6491385229 68.4758562679 11.8567340521 105.902827879 38.8474995556 141.170415068 114.455579732 119.671714139 34.7239136169 180.674843464 142.91175248 22.7805730419 63.0832146764 121.925001691 107.15275927 158.712535135 61.4133971894 107.344017382 154.587533489 31.2794460501 66.9100359996 99.14198 119.260483103 177.272603762 149.765474031 115.372675602 24.6009843853 29.7063681849 210.057343317 65.5468472822 27.9938988899 61.9047907597 149.041048775 106.3406115 157.75248506 147.868103097 76.8173180787 69.7992001463 48.9687876682 178.514159851 188.112470391 160.561717516 130.07324369 108.953237368 111.377760229 27.5672102476 41.4450318315 54.8968352376 79.3449840395 46.7528687599 31.8492890679 65.7542964463 147.668246621 32.5056029977 120.639810777 143.4073006 159.399764235 117.204714879 49.6391312471 57.7826628346 45.3998581046 116.320813715 59.2434295004 148.804706099 122.433287416 172.57047476 49.7115358359 99.3371686951 138.0784802 107.112237769 65.241566047 100.583115357 57.4043505362 38.1092694856 27.3302860625 65.587112227 132.246403588 97.6858358455 115.660776038 48.6186317597 106.755518233 64.0343584057 120.541522212 103.305712842 78.867096118 33.3692000409 62.5164892771 137.807154819 202.153656989 31.9009357807 100.524135309 31.9898027349 130.571303878 67.0033749279 27.9959775499 125.318222874 33.7928360617 76.4020515343 99.4296152039 125.474087015 106.665922386 125.113447076 102.852698951 18.0432315794 105.664983922 108.497083628 160.328561837 175.339240963 53.8534604269 158.910486552 93.4570504008 11.6715640938 159.646329149 66.4211096641 52.1371506861 60.2214163752 32.9124423383 46.2002208848 1.54751880658 122.546841184 141.020212963 106.785575227 103.288991851 93.191409039 95.4698283975 58.8290809264 54.4740692463 133.110272754 86.3240223567 174.0008673 121.156870148 136.136287366 90.922927989 175.957557578 9.89392149285 145.407891206 109.744946603 116.434696411 84.7927581391 75.6168633811 116.824282092 95.617772031 158.054947074 81.0636911584 47.766176907 37.8474497048 38.5224933824 151.413819741 123.241466169 122.925730125 176.780197781 51.2734538926 57.5006258841 54.0182137869 141.70391881 18.7516364393 142.239229906 54.4488881749 170.087861101 33.1610421752 37.3479740867 125.114500488 112.09154027 51.1757323785 139.16044246 63.626256496 176.802722858 146.573164196 60.7011645656 168.066355951 146.985745648 125.693587235 138.100676903 181.316661604 57.1590176749 166.950564893 46.3736798207 63.0118406891 73.5321322427 2.19068583186 146.071519568 50.7453972088 17.1792053898 77.9319125234 154.155911011 125.00305003 14.6096644673 86.6401397663 145.047985709 104.764233558 59.9082236103 73.6879387411 84.5790630201 104.651942176 11.3770802571 46.9195658093 159.086257876 76.3058537729 94.1299312507 139.487372072 126.708452434 50.4172243959 110.78787008 77.9299136397 24.8437011026 187.721120028 121.64210385 107.815617089 139.844482251 61.2635340159 131.085990259 84.3356704466 154.37516543 165.83913599 121.059656378 161.296973587 82.6041184185 93.6672405318 136.68341675 107.574021845 27.9225818377 95.8991313854 46.5351614293 112.722181579 99.3387475372 83.05966732 114.434495113 41.1778074245 21.422156439 75.7943832413 38.2034551253 102.040485195 27.3664517825 117.785024312 39.9382865943 120.954852346 168.454807461 40.2331178566 44.8519673282 70.9130025979 42.1272870321 46.7646181625 142.558133177 148.036946533 59.2674352451 120.242085213 99.9622617237 202.602362152 46.6737655525 37.6927727929 111.469195271 73.5137584114 130.735476014 39.4923700192 155.21599183 50.065296088 99.9207673937 118.492321219 90.1637831867 80.1823233669 87.3507440928 167.083329078 145.17544962 44.0609560828 132.517667201 79.5580775394 129.803874847 105.367801171 123.677026994 31.1182404652 23.9418548279 123.57522384 47.0249503938 119.711637761 85.2245474899 40.9737363456 74.5189237675 85.8834302961 184.194340928 124.56934188 155.100106834 128.808940441 101.993782058 136.654427104 142.942618432 76.4336230989 42.1810655456 114.266703293 130.36943178 45.0032517026 103.990190006 119.618281856 22.0584898183 103.637184339 79.0578564473 137.462863563 128.108096633 36.1977482461 155.734099868 115.396202418 82.9125498443 106.309160049 125.134684296 133.999248618 42.2429847486 77.9506458564 139.153230719 181.005189927 15.4621333893 147.195855071 139.69821066 99.0889803537 77.5285330645 83.1266031093 84.2956113672 130.958120511 123.310640685 139.451310285 129.079466038 54.3562346068 70.5256506728 107.753227485 44.5646071464 63.2017000416 70.8441058874 190.609688711 53.6458299476 98.8200136083 130.150289644 87.9701336107 55.8406310533 96.3746903697 61.102374453 30.4457768033 86.254693215 98.8974503369 107.934466249 142.682680384 37.9978850806 120.089187218 150.960816488 38.1220814623 128.320893991 52.5962391568 116.281638905 147.672746405 121.93265352 150.641270143 134.332866407 130.461512375 148.127125981 97.1855687603 120.158329024 92.3224268141 129.360869756 46.6259908617 95.2593648826 19.6354933492 119.33244263 45.2653655029 100.115997026 32.8976652631 147.012914215 142.828098614 179.176691348 146.656199591 144.761830731 116.533148064 121.756603466 140.125008967 153.992887453 25.9504940572 41.3181857648 43.3667898879 78.55709133 47.6376577642 95.0132754945 25.6102967119 108.441382162 110.990922831 66.6907677851 148.196478797 158.994279708 128.667062127 130.600729154 174.910807708 148.805095387 119.001493642 144.218121739 118.603875124 120.206379806 146.409513553 45.3259052062 117.198386266 22.5482624973 70.2287054169 29.6030627783 113.79454823 42.8630260792 138.230018058 146.213984295 88.4766635739 188.623796843 145.986078768 112.562115588 90.5002630327 81.2379344067 54.1028416108 122.548272829 156.037261489 27.2585780805 195.024310586 12.9194911469
124.378947921 86.8021439296 0.0 42.4873142779 120.67837004 150.646267587 101.957268846 99.0460117229 110.305292845 110.094083683 70.9169006374 74.5041410656 105.789884075 68.2012298231 66.5873043823 136.614372788 75.9483225188 94.8407064041 64.172124721 82.84671487 134.227342141 117.108291131 91.7989725182 66.0966616547 67.682558295 49.6825719593 49.0978515335 70.2875895218 67.9636299174 132.011330904 94.7402939689 62.7305298856 77.8454769941 33.4609888497 72.231208812 107.893190454 95.4117457488 154.462132031 68.0366037897 58.7889818459 38.6204050476 106.548301633 62.670477019 79.3013661144 75.4791404375 91.4642996035 65.2734924167 71.2181942177 62.0199870985 121.658733266 8.86835404936 137.538623828 102.672724574 70.097018794 81.8873846652 52.119001111 100.683385141 10.5598290526 56.3895097644 141.865864039 88.1372274727 126.469447887 67.9277807585 75.1693035291 90.0619246128 119.059651203 96.4791060742 65.6567344026 24.902376939 145.802615918 119.080555182 124.849882046 13.5170101568 117.761881942 11.1142976279 110.091068018 42.6309609772 152.04697497 121.158969056 64.6635068647 107.135147712 40.6304319386 115.456378524 90.8283336868 53.7210858138 88.0361864072 74.9722362288 130.8920773 137.271127344 91.5601849558 29.7324879287 49.0288660968 92.1624311777 53.2789708255 34.6864643289 119.186195811 110.69089206 148.307744884 103.730352572 63.7447672861 63.3283384654 31.764789033 79.3520880544 72.7643200819 118.136479763 105.111260556 104.728628214 63.373251442 36.5018389414 116.316603146 123.745678436 71.2407305174 51.5721374155 63.4085875714 102.305019767 140.144471725 24.2688467285 106.475130285 35.3537001362 158.146024456 20.4663122915 91.9272661204 61.1708901944 28.6875627765 18.0310968596 38.9573950092 113.146704645 113.279328108 100.061826153 134.503776018 26.7371455217 85.7081488054 96.8357458431 127.085794744 134.703396034 8.81020561595 122.568129992 116.43771482 110.487806009 139.516086391 94.2865186938 75.9301487483 65.355903092 93.3825799431 72.6819359863 131.409935467 118.121537375 45.9895182129 58.186562851 38.8506299893 136.748163338 79.7403084794 99.2477274916 70.538569323 27.2830473964 159.981432591 20.6460299872 125.266151194 62.5828863821 126.515848115 124.889919134 113.553849041 114.032528592 72.9768407197 91.622113915 90.5423717382 45.7549503854 79.8677803835 74.1188495216 54.0915762926 54.0480269654 39.6119444743 111.856056171 36.6903527099 58.7131385957 133.345011945 68.4100346753 32.1558631157 111.769437877 43.7850364493 120.910385306 65.5125728408 65.3921511823 96.4562766767 85.4899445827 130.136894587 43.6636346813 61.0615301211 111.084245704 122.596337316 84.2131059856 55.0155761057 103.312374981 182.301200202 98.3601303908 88.7249845468 86.6715673109 45.2428880737 89.2363999753 114.447329146 76.7611695694 36.5417810816 123.734920122 117.917650615 128.305674602 85.5839905724 64.7023173935 124.708648505 105.041901519 119.039403126 95.3803173937 122.766558077 84.5016920472 75.5938317862 56.9014880205 90.7473539796 94.3611951599 70.3371886245 80.1054150379 83.4814022686 114.055901602 77.5878480414 80.0625466101 51.7522603631 101.668339731 28.6723381779 117.417995794 136.179446503 9.71101231327 117.238371415 136.191679124 40.639304975 95.509154566 70.0988151508 124.390585664 36.443863023 36.3024617903 119.810451561 35.5293074861 144.236691787 88.6834943151 60.2348581065 68.8325638749 128.774084016 140.707740948 102.798860346 81.4284489031 98.189222457 60.122503201 139.523290396 59.0291672313 149.520450955 44.1551227981 123.564233116 81.5534730597 30.6752567493 121.484596428 62.5993540087 59.8971502059 85.0291337353 118.453136101 78.2380981084 118.946418979 128.504716556 25.3707951095 70.953231313 85.6455692909 108.938373424 76.1005257616 76.2819069464 62.8816654032 122.983391332 98.9500553725 87.2635392029 73.6284386201 72.0384276657 22.97093955 32.3025317179 124.822122569 30.7237382044 126.643060666 89.7496785185 80.2838614201 110.551143674 31.2798523588 49.1206783382 75.3442385712 160.649527714 137.108041624 97.8117581962 13.5082729463 84.1962312802 124.631220587 82.4882546078 24.1386415263 81.652311494 90.5672835049 155.958051449 85.5053207578 109.711949741 87.3268065746 77.8511399868 77.9404297634 52.5553874964 14.3244719449 74.071810316 62.1210139922 70.4770910614 25.3659633469 133.335305872 89.987693846 76.0629231954 30.5296850557 128.442109715 127.920029719 105.41505903 120.196784512 80.2708153262 48.9959401299 61.0101812305 37.5665802881 65.7684071433 34.228511605 94.6297551823 101.313247209 131.114872429 69.2563476211 72.9634398413 100.737152456 61.6589300608 68.8636521713 112.873688719 36.787236753 13.9184098081 130.828441967 121.283913603 117.846511241 150.849205946 92.4892467339 51.0790571201 118.131865164 104.800888219 136.771053452 69.234474291 131.665417299 37.5106380535 133.871958216 72.5064318929 96.6939627629 123.218817812 87.9894836391 106.14026216 106.744788453 137.680300281 141.675163165 153.152687852 73.2580116125 106.757071457 84.3619511518 52.2939039739 46.7436758536 2.85404580638 115.579336 130.300737792 125.357640781 112.908159388 54.2047069114 69.5062705122 46.1075543151 108.412029097 89.0109023271 90.552052504 122.436871978 122.76364543 30.6961414647 158.79384534 122.391429775 44.2480295005 132.37007446 106.277536438 144.703985413 58.5551794584 80.1117401054 47.6379119615 52.2219960043 69.4733976618 154.225411835 54.0192031667 37.8185890518 111.132527203 48.7496498269 86.6817238375 68.063656604 115.555535753 107.749309193 71.4154947489 66.6130568895 77.9460409195 35.3076725281 35.9040753809 63.5620645965 95.3319586489 157.652075858 126.390867431 156.328746006 69.7928675195 72.3035564043 26.2180116992 58.3915921433 43.0998812676 134.191293304 129.774559614 122.225484209 114.154018293 81.811839391 125.183148602 134.473855617 68.3169714324 90.5401068443 25.7929421952 113.827372442 141.115678784 63.7616988657 132.811517593 78.5511089253 49.5132176704 37.7449362242 87.7995967904 124.383618936 113.322605673 129.374057058 29.5016692839 129.742611869 109.274377799 122.113848411 78.8308777957 48.8460360314 135.15499436 92.2385540336 135.599528208 66.8024439975 119.939184855 132.769189725 123.799467934 71.1439315672 33.4275080297 109.949173039 114.803515562 96.3826905212 84.2562974417 65.1864315472 112.461676507 89.4237273612 79.8234835886 100.244300643 48.9064778461 54.79876373 121.909706497 112.696069461 124.635496889 101.451082389 82.7721921953 105.360090379 125.957617423 111.441259589 59.6798886976 114.580506254 46.1374079812 85.5759483016 93.3610951922 124.148243211 86.3752581541 105.532612636 126.03474014 35.0618442073 82.2728020808 157.073203781 67.6999228804 59.611678118 92.1154969604 33.5747339096 94.7605871497 27.1831293394 103.831212141 92.7419643013 68.1087217378 144.593204968 77.9186683027 88.7769812553 114.233023628 59.2468778803 90.4364934853 23.8788741404 54.3086515281 109.078180465 75.7184831468 71.3688322579 77.426805971 127.243979635 99.6140878387
157.195883505 44.3216618179 42.4873142779 0.0 153.423832935 132.084132341 89.6084249297 92.024717483 117.073985521 74.0970843974 56.9603987464 66.6228821866 114.675211528 27.4713473868 74.1513307341 114.619707913 34.3393033254 109.613287089 23.7815000625 46.5178131702 94.3127729733 76.9190860613 76.4619968189 99.3826581215 109.144750401 91.8986988922 69.6732758835 70.0432156378 78.9062677846 132.395652534 53.599922815 42.0923206647 115.603628653 75.3354207175 31.1023873638 119.399541092 126.972384981 141.137211445 35.0389385471 57.677777233 51.6433607582 124.179641912 25.4452605784 45.1851765907 74.8589355522 48.9913082098 24.2974992884 85.2485668032 30.9944894677 81.4943989955 48.5173880302 122.657933269 60.1871293984 83.6133230008 101.257011557 16.1289787697 127.383269996 51.5317626283 97.7977717137 135.742658968 77.8975092931 84.0618814002 85.5631340656 62.0909412502 111.467177824 78.1686227896 114.239178171 28.4953915082 23.9777915967 103.420041102 78.3726101324 143.653856891 31.1918883307 129.146917078 32.9031438953 70.3003711003 83.8660498593 138.353378807 131.485840227 106.858546484 132.987996158 71.8688804165 107.578990219 49.5918105966 19.7850008043 118.658777686 33.2776628484 103.447231305 99.8562870519 49.7858723196 63.915859918 9.53017943828 110.04918964 76.9609030215 75.8633132845 77.1002234185 142.338920965 138.53706815 62.0248825098 45.710754171 85.8785988655 65.4327575924 116.671168889 52.1721317645 103.779884741 123.875179947 65.0128480616 48.0242270638 60.3965357706 108.937143956 145.578062079 107.886099226 77.0555640275 21.7618884111 62.1568018857 172.138222677 22.5818964387 65.3101836093 24.6678181161 146.96665942 62.2362558218 120.536153042 103.558264081 38.1173967385 25.9580105728 8.57742113133 141.954296161 148.016164028 125.503563346 124.495524663 65.3775836296 88.5858191684 57.5007702086 84.8022606828 93.9181487602 35.2602279413 82.5771301438 74.5035499773 79.9676355141 136.307337501 56.0196108622 90.9208056731 101.580492725 122.153652348 87.2747490747 90.0622603673 82.5562211431 14.889950246 80.8058914472 24.11936239 135.483888595 93.7392245131 132.842612905 43.7195186864 57.9239206007 142.709909526 62.8164927061 90.2533261387 70.7186500043 88.5954338355 82.4026136557 71.2286674834 82.4071686276 96.5523153676 83.5616764198 93.5571792046 17.9755141968 82.8658060362 54.6564413822 81.6692089148 69.0896175419 44.7443506136 71.2575923709 27.2511390807 95.9781266866 164.588827145 32.0907820148 59.6449445389 70.8600013054 86.2679441653 87.7940579551 25.9868991276 88.9956772161 58.8489674186 68.0583866575 107.213263713 82.6003005958 74.3184849028 109.366306344 104.204035941 43.7805175175 72.0220194406 96.0386017873 165.80697075 134.308698643 60.1047032537 119.343728636 59.0454447315 47.5652008148 130.989701426 56.7767276614 11.8060204896 87.4599034242 75.8977152749 86.8363323241 43.0968041494 87.5924481993 125.127365397 96.0566770775 102.295650615 83.1970958598 100.846473256 58.2902085621 49.3587524031 91.6431931524 76.7157414392 132.010676683 88.8996075 101.892496838 75.0984697111 140.737607751 35.1459225682 108.688090734 72.9689913969 99.613516743 45.0089310177 88.7295413432 118.909560827 51.3395220567 131.287172838 103.537620569 8.26517413928 59.3055991796 36.3252871689 130.777924385 78.9308246794 78.621708067 143.615225208 6.99056581914 101.791586114 60.1469618285 99.1565182375 26.7170538261 127.860165167 98.4259927746 132.601712638 44.8018306084 60.6811332797 87.6555774215 118.67630334 33.7862985712 137.336315198 32.5637485198 145.218864738 110.018952554 20.3930599367 139.105935856 103.521349405 87.3124829999 105.141193691 145.822054852 52.7914852026 137.329056775 87.3384078492 19.5256645629 58.2844017742 43.2080870088 120.422815685 48.814175858 34.9151521196 55.2212171236 131.669821532 103.233007341 45.7601868068 68.0573242845 104.907755322 61.4472576956 19.7673767231 93.0131429773 46.1850056798 107.487528072 47.7630959003 49.386937547 128.953339574 37.9106477163 61.1477219605 103.008225893 137.894653584 94.6305697451 94.3785985262 34.5470637943 44.8638285298 152.260075204 93.5083532179 64.1766043479 105.713722779 63.8630414262 137.125635957 72.4703097055 125.740264589 124.163290429 91.1058555334 117.977162888 53.0509725039 50.0212702446 100.672520631 76.2837209822 32.5126096388 54.5344916251 90.8504084798 91.5126996406 76.2973081752 44.7400532598 113.260198627 85.4348856606 63.4695830136 90.6822406126 45.6421428444 66.2268114367 19.3946261457 75.1988924001 32.7911064309 76.6748168183 128.479714462 64.7582697118 88.8175980524 54.4763316121 41.7448570564 66.4824124317 99.8436275652 105.925567227 79.2331459165 76.8396233314 55.6932247562 163.853364235 82.0611116281 76.65851496 125.287569464 71.0975666173 88.2060347958 77.3015908189 124.128774403 94.2913203049 74.3327578486 117.107477792 52.6706835259 101.639935034 67.8828625743 128.355800737 126.691888174 54.5326804984 111.126040285 83.3531288965 126.115131736 116.98291186 132.07943152 36.1097570526 65.0610554624 95.5689967617 23.8701627179 79.3028538307 40.9137914633 75.6529176113 97.0902047519 98.2724338183 145.407432398 84.6319669166 111.081785743 85.7237380489 95.4234859674 105.866720619 110.500044519 92.4553707793 81.5759301241 70.5120415644 138.449582952 82.4144782198 66.7629178293 118.064511723 64.3032238284 118.125384131 53.5780377706 102.767009478 85.6724105691 12.6559066379 111.532135186 129.05308829 55.0120791106 65.8834722275 109.403024117 90.1970398346 53.5882704769 58.2512270873 119.52766484 141.421091283 28.9304423912 104.631919774 104.150920208 59.3434252936 41.0194201897 60.2076756433 78.4249715313 138.052191347 116.56890193 141.286606798 93.9697958729 46.7287438988 30.377839218 74.862758713 6.67882735503 95.9734168703 95.3953743562 153.056211162 78.2510485198 78.9286766592 119.492780814 105.088653473 44.4827776991 82.2121473693 16.8062403676 71.8955701858 108.799754577 70.0838001891 112.729857897 105.627696986 9.0460547928 76.9798492034 114.560172278 82.0745846576 112.304894467 89.311286219 71.9800316869 131.3193066 106.655371188 129.246271574 100.203705212 87.3889536733 134.304699919 83.6215362656 120.1788508 68.0953030671 116.30135107 90.3941012734 101.392631641 30.0341017873 75.151948957 73.0696897624 98.2185017752 57.9187439476 111.358451368 101.574633863 142.094578792 112.415149619 107.482234693 98.936316976 81.4730604859 96.3231050072 131.070037085 70.2094459399 82.840771378 65.8769331764 67.5421995077 69.6033439659 102.629424282 69.0702228581 75.8704039228 103.617690256 37.6731438607 112.638130809 121.884270628 118.15377531 100.903640421 136.71171924 130.108453451 75.45743277 108.778912966 132.178993979 86.3562564074 102.09889511 58.3645917872 73.4684883899 54.1032136508 30.4888974905 63.8700218516 93.529075381 36.7300117264 134.155569273 108.397850796 76.7375073174 148.70128543 101.706888004 91.6401254233 49.4288046812 52.9107414938 74.6099685319 92.0693651933 112.291482523 39.5973622115 157.777893813 57.127727926
3.77205368875 192.19229915 120.67837004 153.423832935 0.0 171.97225209 133.501794947 121.543364608 90.7433037586 187.680767282 191.181326459 120.413973669 84.8459970658 180.676660422 178.489147966 171.784008628 186.565632833 70.4817409527 165.108384149 169.940761362 218.274375215 205.06368912 136.389817577 141.959400707 70.2489459167 86.2072055545 85.6383059292 186.266088693 88.6334732399 113.403075 205.688290052 183.320526615 47.2898623936 93.5821219916 183.970479824 77.7936577911 26.5457736252 160.829655951 156.297665704 111.84614881 154.419041626 60.1738619901 178.328236753 163.876374606 107.661284124 195.095959394 177.473378888 176.417458053 151.160377405 233.974788138 122.08247945 154.957346918 206.28685598 176.118925998 177.447279981 167.904898054 33.9774040815 119.3370858 76.0550515101 135.018625839 125.913998158 230.139933626 76.2237815422 129.038295091 179.925172469 209.354863691 62.0378728938 181.444376891 144.716605367 248.740722983 230.339890149 56.5515913866 125.17924275 78.8499360548 131.222229875 198.045198987 109.924697326 160.323195138 82.4922110419 79.2284931986 33.4241478317 82.0268459813 128.087345372 201.691757689 170.594079313 35.0833634552 185.431587085 181.320941531 212.310947307 200.949108618 130.193919075 162.563825046 63.1533756234 77.7371667516 111.717181459 215.623870497 11.7920323004 147.96082178 199.996466675 135.102327528 70.8416392402 131.371353134 44.9979787272 193.439210451 144.037122179 56.9826720338 218.041970966 131.440369862 145.240238363 127.221596787 45.8288006186 50.8882075997 76.9231101123 174.569181906 192.985482101 19.583255561 131.119963184 199.93844472 130.89013717 157.434376404 113.254550434 35.3460036141 84.151471598 148.515814858 136.919509777 154.336933769 20.1148022449 12.1023010927 38.1696845668 141.303413761 94.1403727236 99.7434006285 210.763687479 224.368963996 222.220770696 129.233645279 208.848477352 224.035075519 175.378955528 126.200216124 181.816690711 178.804402675 55.960281474 33.7451814578 176.889360846 222.014197442 192.404370521 163.054360962 157.970701257 133.189139303 119.76790973 182.712936222 21.5007113557 190.544266039 134.61675417 174.651868722 104.062201039 196.216813959 95.9821385309 205.305176646 226.382965294 218.9293564 180.114170304 61.2961169419 122.277205483 99.1426865249 143.726858509 100.199086871 194.787713815 71.9470349262 89.8108120505 158.425779851 223.5080023 157.202973665 127.712844485 14.1984646088 184.811204099 93.9014337149 222.747905297 96.1518969902 188.284405131 164.495367298 67.3794191323 212.247337821 138.434201604 170.083171295 119.983016318 88.1863147476 112.221314226 155.361679891 196.770236571 162.325100672 123.072156689 187.926659601 26.3084576567 208.746450537 34.2732881648 158.45338644 199.052487064 63.0403189649 140.366497652 153.223205679 198.450141647 225.0356672 219.934530806 190.675843038 161.371307288 110.699014826 127.26778874 149.853377631 131.269098211 163.494489749 153.187517358 149.664728769 63.7797754446 133.641111618 35.1562051593 170.688175931 59.8574002156 121.804067785 28.0782085207 182.358827092 159.849475809 82.5021079658 111.142469626 108.562692039 175.626677104 160.052211963 111.528805035 70.8677074706 198.044685889 146.940312136 212.42407905 158.40933883 94.470965128 98.8874975569 94.8075012666 38.354910607 148.07828919 246.220213397 208.722562294 121.532527957 178.474872838 115.617768325 244.996105402 23.3704535323 169.600639713 182.813632968 151.598596703 170.765228357 143.3867814 154.918668968 128.695020161 46.4456317244 161.037011837 150.013551441 60.0330026609 110.868687127 66.5680124043 60.7934164845 24.5439442401 149.427247329 57.3009594759 238.382639996 134.437809222 191.011520902 191.969055298 77.8687399911 196.156010991 176.296635049 120.617143691 87.6147272856 96.195194407 185.476496124 191.566065796 48.9589305184 122.042562627 134.189999297 187.806970136 147.926401858 159.261678144 189.587350806 159.047329021 57.3431204937 116.457082364 162.316999955 159.27355361 189.524904659 236.800352187 113.616331996 134.186000031 177.041306174 23.5611687376 82.889472791 118.082884224 169.814934214 156.776450436 176.09014086 130.597979615 64.7057728536 37.3529798612 79.7360619071 55.8745132482 111.652298726 107.381938709 160.641041695 169.789053452 185.781601507 135.675701036 234.618360422 102.387188936 106.020824144 148.349963174 150.869909414 228.762670923 213.482949839 179.273018278 165.308144472 90.3326066548 165.31633126 123.752504693 155.214800659 101.778872356 26.1532893603 218.011183389 235.741383151 131.063505045 191.884142324 218.923017417 61.7080665745 53.5981791798 183.988367963 116.175224278 108.162411823 10.440319399 235.14563413 209.591708396 190.053558546 147.91113509 70.1638253647 208.327946055 55.3283817573 236.598766296 182.30097086 151.031578926 102.124796987 195.25911927 190.183801213 25.1482477492 102.138956895 167.710625394 94.9098151719 158.208998856 146.801975912 181.638061617 180.036689052 165.423228605 215.715403923 81.9194357714 145.3595298 136.966898477 120.188337449 202.906654381 195.205530751 176.91583684 8.0249309264 68.832541223 70.340839714 117.441080207 137.055874566 66.9781262944 58.4314005274 181.82021163 213.781688847 91.2236135368 181.913924926 235.037187682 150.485132752 150.787134151 214.177155946 188.425900262 117.450826657 57.9294403205 123.312486842 165.876984959 75.5295354162 191.392725879 171.790286603 87.5853357274 112.260619291 107.688704188 205.21786918 123.52262891 98.9313256578 13.3255750788 177.861726436 57.1532375119 163.619567883 94.126758049 114.735139839 181.688792529 140.486189834 179.204400738 137.055252319 166.468181256 162.406590622 147.520379064 146.895773129 165.054015003 157.350268923 212.367585592 197.876961632 9.29179643463 190.374704975 111.439766485 126.427705585 188.473715893 143.849183886 122.628494172 138.974607295 209.900294573 200.769648226 98.5166621605 164.907297494 49.9980842925 162.375493696 119.000779092 42.9479920328 229.266990806 111.063392373 214.765272682 103.05575368 109.350578373 113.942547171 91.8138571206 61.6070279219 73.531515666 117.979457109 123.490243962 155.220472272 182.496741907 119.439917913 230.618311073 165.185870035 182.952682306 92.961779151 226.425524599 147.530810034 183.819994148 165.543454836 132.392365066 17.2492568678 51.1227273641 47.7980820126 109.246037129 137.611863521 106.475150765 86.0178146025 214.930859779 218.527165718 218.854295072 133.918066727 183.754295729 168.55206539 211.279641872 166.187791584 134.867716642 166.714191079 166.416468849 34.3391918739 126.775435435 73.6094094124 17.5507409981 101.338834381 115.05965899 165.585787729 192.662727835 74.4703238068 89.9178378691 170.750977661 88.7602460528 188.613968451 147.861497726 216.779094999 103.994302741 154.097983309 147.632784091 154.417293771 129.431433225 10.4651106804 92.5510159472 103.071691508 138.26267456 113.611046295 183.321897159 177.081910761 64.5765396483 192.919863408 12.1498882726 203.003178328
174.540380501 126.88525904 150.646267587 132.084132341 171.97225209 0.0 49.7198118682 57.0924844381 81.3541481386 79.7894342148 187.167804443 76.9440053565 87.1262767703 138.829725452 205.619688497 20.0574398959 136.23080737 102.418525734 115.506209497 94.2577112356 98.4334307098 99.6320626721 58.8688411024 216.316204347 182.648042115 177.193642509 118.966941458 202.125207609 99.2383589036 63.1363858533 143.8198782 171.483508491 169.171459466 164.489019253 138.031395525 94.3195926438 153.657074367 20.2687065271 98.5632998663 93.5035095667 180.23792462 111.929145627 146.168493666 91.6066951571 80.9633429738 124.265598643 137.398870097 215.40149687 101.338633872 161.780526846 159.480645006 17.1016375483 127.943948823 213.883946451 229.645160436 143.715123998 138.883311026 160.486537438 175.065247895 42.9418451199 63.4891917557 138.951542711 110.455734728 75.4944122598 238.95543952 104.941044219 110.526101505 147.524693326 150.788326223 148.178897515 156.801773597 121.370751603 138.935378361 95.2264790456 149.688277993 97.6620199076 186.507882728 18.1406199607 92.5953806574 187.194931982 138.548632597 137.141803562 44.9105506717 141.977748043 147.368606815 147.158095437 135.563922956 40.24056079 82.3494230528 138.229211574 180.378711427 137.547332144 110.37947447 123.213977471 180.072023096 118.028845181 161.686082345 31.3053566093 112.14359176 88.8394077282 120.465269752 182.410033265 168.096452528 179.877423706 33.5844321918 115.025178248 155.901290983 88.1583071817 184.597248931 45.417154584 131.473691626 161.233067458 126.563403606 134.519564608 100.988097311 180.927559907 130.851347511 107.282570593 118.3469764 29.472341195 167.235022469 141.931532869 187.560769645 165.954171729 146.906533135 140.490335466 151.931224886 176.263639188 134.487362278 31.2949917319 150.212916829 79.3196842511 154.063487057 123.540830004 105.749963429 150.579708289 98.1942199107 144.384399138 61.4963587832 52.3407157875 94.5792214266 220.905824303 156.994362641 143.023469287 217.296948106 110.72379019 75.4184360809 146.00885681 206.830608741 115.691043013 58.3581626686 224.131461424 163.369752989 168.815860833 177.327152225 11.1936109294 159.276783266 71.205495082 98.0448051805 85.3301171264 132.572360667 136.952976756 62.7139602451 123.031319889 61.8525754318 77.376531804 115.25640747 82.4633333337 182.619514391 130.677345477 110.084542008 175.148879298 154.137282462 158.719482239 207.023276124 173.237718918 150.526556665 131.647421051 151.963324026 179.168012743 64.7416040694 112.503953835 122.669211579 160.622717965 65.8060165464 27.5044340087 191.470076774 105.116929766 59.9591075837 28.2972041755 144.265062068 200.518866085 53.7022387803 33.9874924566 172.782566226 178.804872245 153.716232758 188.017757304 138.501186157 110.481701362 76.1665367967 143.265215322 77.2706473824 143.799172359 111.494381334 125.891768986 213.667620308 63.046257695 50.1961357577 31.6222226803 55.9012778973 31.9448307195 74.2163165807 82.8125953947 148.951785972 59.9229446437 178.235421203 217.356384066 119.293432255 68.6300838891 144.496027571 123.424213142 230.6907315 119.346370333 63.1727094982 123.916574481 51.9150940835 14.6710431349 152.067277202 103.350693024 58.705310544 125.516996896 164.727386573 98.0660433297 80.9520943332 173.572098094 169.688364393 136.75254262 134.960345933 144.666605044 178.942262927 206.543798056 132.152387247 59.0058336099 148.72788948 150.650695643 95.8778249709 90.1508229398 210.435774699 14.8435672769 98.6422076287 23.00111297 107.953501185 130.766808783 232.177229283 150.129741847 116.129191451 204.442529792 130.77855631 115.510547902 149.155874839 79.3497850165 117.792542854 157.812171167 132.257152212 188.810932592 128.687423039 94.3430807022 172.103667439 114.248962644 87.9085291843 87.8376512179 76.9865808604 112.276390498 199.73110983 148.447546762 173.004495654 123.774707294 58.3526589043 173.036071547 24.6531699126 115.871635247 84.9350165926 115.287521038 119.42054264 190.893622303 225.856853546 18.2092023261 134.606997887 62.9218166982 154.200099385 102.694481653 153.345136258 94.9979040557 172.960508522 231.409215256 69.2520371164 5.32110257856 65.1920986486 107.7686954 170.395533695 100.356731306 180.329517698 99.3892710466 143.407083902 224.390599732 206.079291648 147.619115192 174.784531547 136.505827891 75.0793677414 81.4182528327 171.9025742 23.6285695083 132.503157182 140.399096942 52.6926012746 91.9735695812 114.626963247 120.927349025 186.989590629 100.469243309 173.497915159 161.973378629 166.90920609 144.041957889 81.8195056553 163.037899253 173.64821775 162.566562621 161.689143797 69.9742017077 183.936375011 154.202273071 179.53323132 167.050143149 107.463650707 27.0977379308 61.0449003808 154.179300877 104.410478887 116.664311282 134.754955637 206.171632547 21.8682305566 117.913942765 57.3211364214 199.695844121 154.631318269 72.0370323856 83.9800252045 77.1243851088 49.2875217023 25.861637714 25.6749962532 9.54930482802 102.217874902 143.489579482 94.9839319743 108.472908075 197.369753307 147.793419869 97.9542552168 62.2643457216 42.2238079461 166.384670532 136.971512643 184.715613254 192.785291309 43.4258206504 107.517835424 115.715130934 52.9872746303 107.838329158 154.765002941 10.006734425 163.344780778 192.204486023 21.7891618662 140.329305617 31.9416940545 92.4662540493 121.500090106 196.016110171 138.296854009 189.031850751 25.639438844 186.861624242 131.738073461 59.9164066382 190.92449732 167.786603235 82.6354015656 73.5200848514 168.358926849 125.782461002 164.359867581 228.227953395 126.849686687 114.989352689 192.264066223 55.5420230956 7.64025968209 34.9509278849 15.0684162968 219.370455865 85.3565093528 158.091079928 203.718866249 138.428618311 86.9805211385 67.465100659 164.804296377 78.0290794514 74.2386257328 45.8140528579 45.725275419 87.7942813712 62.5475867406 136.769750808 115.094066868 56.5936108594 95.4342390296 19.5170072687 133.110787356 136.13703619 185.813920586 134.672258162 141.061506701 60.9217700191 99.0427605057 169.40329254 66.6714094423 58.6441985781 82.9369737525 118.1554213 158.001994794 59.5138107987 60.8886362555 17.3988484655 200.14803918 52.5963936442 127.750729049 31.8583547618 137.908797102 163.603296362 170.829831789 35.8477070498 94.5585532629 234.757226221 213.862659585 154.72595936 123.975969465 135.099516525 65.2324723386 199.516662983 195.677664123 89.119798158 128.68124678 114.760807702 170.16342281 68.0052046725 80.7559041728 31.8720197235 122.531567285 204.885333963 40.3513726081 169.736577138 236.080281528 142.187346073 45.3154564878 101.960793837 157.14059645 74.0401454673 181.917189097 232.660374504 24.9763844688 112.429419286 190.225730123 81.8972991605 156.167235749 105.431881862 158.640954161 154.220275624 72.5194900131 96.208347232 28.6074214441 228.520968885 62.2068170731 175.640136527 191.647335105 74.3331784822 171.457267745 97.2379516755 74.5703944412 221.574496217 181.396079027 150.845442718 166.502237758 126.307447438
136.585827961 98.0225578459 101.957268846 89.6084249297 133.501794947 49.7198118682 0.0 12.3073206116 50.4789166431 65.2914298051 146.484864817 27.5283782764 53.4718707124 103.150849703 160.537757413 40.7108432932 103.036308294 63.534697889 78.6685377242 63.8912751074 94.401823529 86.7590952517 13.6858057759 167.105381604 134.206411852 127.756085815 69.7976989618 158.627047634 51.4346590694 50.3334291483 115.79383743 131.267688241 122.780433346 114.794285945 103.58140843 61.3492111893 111.631047537 52.8680291772 61.0158356702 43.9206051729 133.917171862 76.9603171568 108.506197719 58.8210612339 31.8326743476 97.3312160204 100.961697299 169.17563582 61.4059773185 139.551047375 110.70602102 35.5862055246 104.807852264 167.746750334 182.436679065 103.563750406 99.5245578354 111.496041331 126.091993062 47.0288426114 13.8948538186 122.958717905 63.7134472402 28.0886404215 191.342437884 92.1671817056 72.0135445499 110.537790379 105.057573255 137.49886001 134.681575019 92.1097052261 90.9638990098 66.9636111402 102.098181596 81.5175227835 136.817895737 50.3159941297 66.4432020055 138.250601471 100.990861384 87.8116245157 19.5701479409 112.920913251 107.421510496 104.122279943 102.114664693 47.8676935352 83.8172659329 109.862375521 131.610153665 96.7908457957 70.4042910885 74.6797357862 130.458803308 103.071197396 122.232722472 48.9444576105 91.3769752109 43.940228381 73.3097129623 133.658494198 121.996674131 140.770744892 16.3007661545 79.2529997041 129.257313219 42.0681655444 136.938651005 21.2381827698 100.133027201 114.449366764 77.9411813058 97.6655480259 80.637042496 145.945900213 83.931745241 88.291596166 71.7766846489 57.7077708449 117.81247043 100.142532604 138.358722057 119.803102503 100.191657892 97.4218306033 114.363356669 135.502462999 95.3764868789 34.8871991457 100.497325692 34.1160899883 125.243423229 110.886466188 100.289128566 102.726826875 88.3072084652 123.666433946 47.5389107282 49.6676295286 70.4048202217 174.518219083 109.672653149 101.483986931 170.973300104 102.619983472 66.5491463001 104.367241814 159.181611398 69.6556170597 50.9213828547 177.948104518 121.179473379 130.756061694 129.006874973 58.265704011 109.633864751 67.7343422908 48.9598437455 79.9582463988 117.237243309 116.498805279 51.8740771701 77.7891697 12.6930190975 34.3707345912 71.7373181721 35.3414274412 143.405027904 82.4332799755 60.9200122537 129.784420694 130.102999628 114.552916629 157.484426956 137.789299306 114.002924541 81.9394105514 128.284160709 129.490978922 59.2038412074 75.943117638 75.9393871121 130.68364846 22.3851978462 37.2788721419 141.944286254 56.5524319808 29.9433167023 23.9514901435 112.862962263 153.743207571 12.6262179094 80.3489771656 129.423978092 143.812685128 109.915465656 141.666254705 109.334987416 78.7442496643 33.6947367462 99.6997550244 71.7267252833 123.716653017 101.806002357 96.670339306 165.933969106 44.5262538336 9.38097497661 18.9237377467 6.66849020254 30.2069912637 39.2249372893 44.4667393787 100.931197333 12.9191610223 133.608662822 170.317717792 75.6979492879 18.9279335063 108.169059044 91.494118795 181.9520186 70.4708307552 24.6329719141 74.5421368576 44.3607175779 35.0495286054 102.744401938 73.7324632814 65.7681922369 82.0419715872 133.865228203 61.4888450085 58.6207990241 123.854587149 119.992909606 103.270245476 90.9974218158 134.22160555 143.916621004 156.876285254 96.9980402965 44.8241503915 135.993560174 110.612977919 64.9298534049 68.1241531167 162.044429381 41.5555514917 56.1776860017 48.3849450213 61.1569178853 99.4775726783 183.449204456 105.361501556 86.4076735871 154.730467365 83.2902341421 73.2576435735 113.434563352 41.3381716649 86.8252012804 138.699922151 85.8260126325 147.864906242 99.2690543133 61.8710068871 134.944870593 81.9741932899 39.1475115817 63.4504724179 39.0721466533 84.4779057023 157.461019761 102.429595228 123.914586876 77.6467916876 56.8164073626 126.347672726 28.3082531642 88.914892044 51.1059651889 81.4699892531 70.69627187 144.831583208 177.300003654 62.9998642036 123.687495609 20.4778021883 106.787612148 73.5960762365 118.76465275 51.1301952516 123.663648485 183.37344179 37.7937149001 55.0133842129 17.3358978975 74.4288558268 125.338678976 55.4385558631 133.136949816 49.9292443752 93.9499843662 176.00489358 159.785885443 111.911377809 126.659427154 123.67292219 31.1192837105 32.5775891917 125.3406031 26.6175234644 118.376807771 116.464566137 47.8433005611 59.8243648991 65.2319354425 83.2899395337 137.683212739 62.205857639 123.781249955 118.994973681 137.380327605 128.748923152 35.457129801 126.314736114 142.797394574 114.586813624 114.573844549 57.9489623633 134.39897593 104.710927189 142.385173514 143.655934441 93.7019513616 58.6042023546 24.982143905 105.495410605 91.2813852237 80.6365963494 123.667517084 161.603101837 29.7120543934 68.2320948997 63.0458745701 157.174430139 112.788541055 50.6050562619 55.2266518611 43.7879332688 27.2840263935 36.7895151227 49.4800488252 54.1769516391 67.9141431398 119.535417642 51.8153264191 65.9158838597 148.489336844 99.1209648381 84.5615213195 64.1329539285 43.7046070981 126.844553786 88.7925515597 136.31743325 143.175878165 6.45895552205 66.5279186913 75.0819831451 50.193281802 96.3019523337 105.083284276 58.8118780158 141.047017666 144.664018167 30.4144807644 116.707419775 55.637776141 43.405789639 77.888555736 146.524055686 98.3271104076 140.368712444 60.7822529512 142.562145925 82.1905194213 29.9448722864 141.205588606 133.989345071 34.1705524371 46.5818168686 127.402311659 91.658313607 116.834963131 179.871687517 77.1490822662 66.0656615272 149.085863842 13.830474356 57.1486668946 27.0038160193 54.3852150886 171.397274301 45.6735372557 112.225029 157.032399607 96.2634973596 85.576589007 67.8033293036 127.786773075 66.2838815545 25.4139934394 32.1389946451 55.1663280306 46.270529769 13.1070724509 90.9034739528 98.3147213006 67.8611693369 46.2248563616 34.7418110584 88.8787388129 95.5046729918 136.340906115 92.4202515302 123.864650317 33.0113506491 92.4285693001 119.704822218 51.142436889 26.721567976 58.8838495359 74.2422645589 109.06177323 50.3755502707 11.5718823864 33.7256522522 156.237886326 31.8004046404 116.580239399 31.8725261259 103.144729659 113.91414561 143.180609997 15.2956257575 71.5012217688 186.212111985 164.343003963 116.610953353 82.6982685487 91.0583990986 25.9982544776 150.603562705 145.965184637 63.9266438693 109.280754246 102.77605788 140.119857535 22.0821591796 63.1741179997 35.2033036677 103.605800585 158.246699084 14.025328049 126.276044942 187.531263558 100.711148981 30.6603386424 59.9708323727 117.023009105 54.1372618297 132.371908766 184.223234839 62.7956156565 65.7580358566 140.820669003 55.6037373736 106.535102125 81.2155378081 112.887637767 127.567410468 29.5930251889 58.0833360227 44.6206685254 179.543741924 13.398667492 135.169833009 142.170160657 30.4307233416 123.730970741 47.8918393042 59.6332331568 174.931639738 133.388813844 116.733033173 130.541104358 102.222036696
124.579369996 105.455125004 99.0460117229 92.024717483 121.543364608 57.0924844381 12.3073206116 0.0 38.5704977698 76.3721315998 148.914084617 25.8819368571 41.2568357714 108.319760439 160.39641495 51.2102305047 109.070521403 51.3664355893 84.0450085174 71.9982031988 105.989559612 97.5315195874 21.6087038378 162.901641505 125.558907694 120.478547326 62.1535379761 159.477702862 42.1574022465 42.1870063915 123.104612196 134.092778266 112.75622178 108.489757772 109.180840832 49.111617999 100.162794589 56.0837089547 66.8339960306 40.2721659495 133.103573616 64.6572287589 112.799690936 66.4622575024 24.6272012437 105.278838969 105.892499024 168.165277718 66.1430898652 147.910614167 107.572883921 41.1213900634 113.479768238 166.812148201 180.554093059 106.863908508 87.5755202479 108.011849343 118.034695195 44.0762952428 14.5983632912 132.701326493 53.6967544742 30.246732323 189.05079782 102.852232242 59.8585271359 115.063444828 105.057654962 147.891413767 143.121598297 79.9074402067 89.1377170051 55.0309315777 100.516265097 91.9479377192 131.294264066 53.9195711732 54.755667749 130.148565414 88.8638973224 80.4026725938 16.4573557368 120.003811541 110.742591589 92.8588840258 108.084570433 60.0252540104 95.8781678965 117.187151217 128.31158192 99.9423347759 58.3938856868 66.1345820019 125.371438697 113.26098511 110.366051317 49.2734851166 100.801762493 46.7908167647 63.5928992668 130.370288304 111.833016624 143.977954983 24.1715913018 66.9699948898 136.719693284 44.0653731857 134.915352249 17.4737188813 87.8399204531 104.61212186 69.4932687295 102.508567809 90.4002220184 133.733825627 83.3338949583 98.1078486689 71.820547312 59.1315735642 113.398483156 88.5828477731 130.622426749 119.27486729 99.4699813994 99.3211722797 102.272290542 123.864825235 83.3826071328 35.4836068316 94.5098162558 22.9630810801 132.192245724 121.298046804 111.67972429 100.855839839 99.4119708976 132.537315715 59.2703334146 44.3403834441 79.7413494287 173.35242826 100.144894295 89.8810249832 169.877438537 113.711279963 78.1798010768 106.913973745 157.014868871 70.2353260209 44.1157703919 176.918496769 109.776488396 134.531110857 126.320504707 64.1932476365 104.528654866 79.7259622669 41.3109076364 91.6316213958 127.160864984 125.524449474 63.7184213167 67.1071438554 8.47005445741 22.4616975853 74.0641237216 25.4192434492 146.535395258 73.587877978 53.3178004675 129.725543221 138.179050458 115.48496328 152.550153531 125.591941789 118.646057527 75.9616558363 136.464737595 123.012392885 71.22257985 81.5217206809 65.9681279986 137.241832862 29.1732896379 48.6705342274 137.110887918 48.0725485123 19.775550645
